ΘΟῬΚΫΔ 11331 111

111 139 3191131111, 11111911, 1111 1131
Α1111111,19μ11Μ1λ111311 ,933311111111
1111ξ1111111131111111111111311131113
111111111111’11 1911111111 193119 191111
ab 1313113111 3311113 19131913 3113113 191
11311 1331113113 11 1991 13111131 1311919131
1111 ,3119139111 91191191111111111111
91119111 3111, 311 31111111319119113119
199191133333119113111119911311113919
391331) 1311991139 11111 1111111111 ’ :
33. 11111111111111111 1319111111
ᾗεζ9ἶ’ 11 334 M133⁴r⁸ 1119131193 31311,Αῷ
311’ 11 191 Ελλ111131111 1393111111 11931
9119111113 33111 19 Φ1191 1331ζ111,.19 1113113111
’111 311331 91139111 311911 ,Σ3911131χ13113
3111111 Χ111 1196111113, 119111 1139919311
331111 11111131 A'Hmouwie 11111911191111111
9111111ς9α31111131111111111λ11111111111111).
{animm 1111 Μ1911111193χ9
1931111111,9111’113113 [113191111131133

991111 {sm 311911 19 111111 131-1913139131
L 2 ·

 

