60666616 6666666 Ι

111111, 66 δὴ 1131113111 1111111111111117
1111111111111111111 1111111 6666
06 1111111111 1111111111 11 6
1111111111 1111111111ιῇ1 1111111. 1111
1171111ἐῦ 11 1111111 111192 1111111111 66 6 66⁴
1111111111 11111111 11ᾶῖ111νῇ 6666 666-
1111 6 11111111 666 1111υὲ11111 6666
11111 1111111111 1111111111 66
66606‘6 66663 1111111111 111111 1111111111

11111111111111111111111111111111
11111“ 1111 11111111 1111111111 ξων 66
11λᾶ11 11111111111111111

111111111111111, 666 1’1111111ἓ’ἱ 111 666
1111111111 1113111111, 1111111111
111111 1111111111 1111, 111 11111111
1111111111.. 111 111111 1111 11111111
666 ’111111 misus-6664 1111 1111111111
(1114 11111 1111111111 666 11111ζ111111
111111 1111111111 1111 666 6666666

666 11 τω 11111111 1111111111 11111111

1111 ,

 

62

